vec3(-0.230568, 0.739323, -0.632645)
vec3(-0.346027, 0.304599, -0.887404)
vec3(-0.221208, 0.843778, -0.488985)
vec3(-0.227618, 0.847223, -0.480003)
vec3(-0.477775, 0.178695, -0.860116)
vec3(-0.244764, 0.714185, -0.655767)
vec3(-0.268956, 0.736041, -0.621213)
vec3(-0.409048, 0.274423, -0.870271)
vec3(-0.398718, 0.26812, -0.877004)
vec3(-0.391972, 0.355367, -0.848571)
vec3(-0.231604, 0.839756, -0.49109)
vec3(-0.438283, 0.328804, -0.836538)
vec3(-0.343989, 0.835373, -0.428746)
vec3(-0.364789, 0.623595, -0.691418)
vec3(-0.28105, 0.633496, -0.720898)
vec3(-0.38671, 0.159385, -0.908324)
vec3(-0.46213, 0.335129, -0.821051)
vec3(-0.357595, 0.489385, -0.795379)
vec3(-0.319138, 0.70153, -0.637186)
vec3(-0.459169, 0.164339, -0.873016)
vec3(-0.369196, 0.585112, -0.722038)
vec3(-0.153128, 0.916471, -0.369639)
vec3(-0.426928, 0.34562, -0.835631)
vec3(-0.134993, 0.970694, -0.198822)
vec3(-0.357457, 0.706796, -0.610462)
vec3(-0.459646, 0.108552, -0.881443)
vec3(-0.0431666, 0.962692, -0.267135)
vec3(-0.421897, 0.618088, -0.663302)
vec3(-0.434398, 0.452235, -0.778962)
vec3(-0.390416, 0.462121, -0.796253)
vec3(-0.35513, 0.69086, -0.629758)
vec3(-0.390216, 0.361173, -0.846927)
vec3(-0.381459, 0.453054, -0.805749)
vec3(-0.232636, 0.771079, -0.592721)
vec3(-0.200659, 0.772689, -0.602236)
vec3(-0.414807, 0.451661, -0.789897)
vec3(-0.355516, 0.693631, -0.626486)
vec3(-0.190143, 0.927056, -0.323129)
vec3(-0.140983, 0.957673, -0.25097)
vec3(-0.205915, 0.823642, -0.528405)
vec3(-0.350385, 0.597609, -0.721175)
vec3(-0.0810921, 0.96863, -0.234905)
vec3(-0.305286, 0.644483, -0.701029)
vec3(-0.491626, 0.44004, -0.751444)
vec3(-0.419026, 0.426727, -0.80145)
vec3(-0.391574, 0.264271, -0.88138)
vec3(-0.21912, 0.861843, -0.457398)
vec3(-0.319726, 0.794454, -0.516351)
vec3(-0.0857692, 0.971374, -0.221532)
vec3(-0.34107, 0.745909, -0.572093)
vec3(-0.375624, 0.749534, -0.545073)
vec3(-0.386137, 0.439414, -0.811057)
vec3(-0.423551, 0.258753, -0.868131)
vec3(-0.396109, 0.622786, -0.674711)
vec3(-0.455272, 0.429921, -0.779677)
vec3(-0.391736, 0.676949, -0.623124)
vec3(-0.0800288, 0.938046, -0.337142)
vec3(-0.235983, 0.915261, -0.326509)
vec3(-0.306465, 0.692915, -0.652647)
vec3(-0.168707, 0.972793, -0.158781)
vec3(-0.419602, 0.220663, -0.880478)
vec3(-0.196704, 0.928771, -0.314152)
vec3(-0.302241, 0.697427, -0.649805)
vec3(-0.41761, 0.571714, -0.706218)
vec3(-0.399366, 0.476885, -0.782999)
vec3(-0.349792, 0.603476, -0.716562)
vec3(-0.273734, 0.862358, -0.425921)
vec3(-0.324152, 0.544076, -0.773891)
vec3(-0.234612, 0.904162, -0.356999)
vec3(-0.403053, 0.150105, -0.902783)
vec3(-0.277338, 0.819649, -0.501257)
vec3(-0.363087, 0.707345, -0.60649)
vec3(-0.395999, 0.569237, -0.720523)
vec3(-0.264802, 0.847516, -0.459997)
vec3(-0.327313, 0.618613, -0.714272)
vec3(-0.104468, 0.964997, -0.240556)
vec3(-0.35099, 0.562982, -0.748236)
vec3(-0.0660941, 0.971722, -0.226689)
vec3(-0.3888, 0.531989, -0.752211)
vec3(-0.4129, 0.227049, -0.882022)
vec3(-0.00340381, 0.955419, -0.295233)
vec3(-0.448244, 0.302421, -0.841201)
vec3(-0.249634, 0.85846, -0.448028)
vec3(-0.500446, 0.214862, -0.838683)
vec3(-0.503678, 0.3366, -0.795618)
vec3(-0.144036, 0.929922, -0.338378)
vec3(-0.343511, 0.495168, -0.798003)
vec3(-0.117936, 0.935793, -0.332239)
vec3(-0.178778, 0.958293, -0.222963)
vec3(-0.189253, 0.943985, -0.270323)
vec3(-0.377401, 0.566141, -0.732839)
vec3(-0.250375, 0.855665, -0.452935)
vec3(-0.288284, 0.739082, -0.60881)
vec3(-0.469398, 0.144668, -0.871055)
vec3(-0.24371, 0.843743, -0.47823)
vec3(-0.284838, 0.770356, -0.570455)
vec3(-0.449898, 0.162649, -0.878144)
vec3(-0.295857, 0.791443, -0.53487)
vec3(-0.239618, 0.815956, -0.526117)
vec3(-0.400041, 0.633739, -0.662074)